Total solutions for N=10: 724

Solution 1: [0, 2, 5, 7, 9, 4, 8, 1, 3, 6]
Solution 2: [0, 2, 5, 8, 6, 9, 3, 1, 4, 7]
Solution 3: [0, 2, 5, 8, 6, 9, 3, 1, 7, 4]
Solution 4: [0, 2, 8, 6, 9, 3, 1, 4, 7, 5]
Solution 5: [0, 3, 5, 8, 2, 9, 7, 1, 4, 6]
Solution 6: [0, 3, 6, 9, 1, 8, 4, 2, 7, 5]
Solution 7: [0, 3, 6, 9, 2, 8, 1, 4, 7, 5]
Solution 8: [0, 3, 6, 9, 5, 8, 1, 4, 2, 7]
Solution 9: [0, 3, 6, 9, 7, 1, 4, 2, 5, 8]
Solution 10: [0, 3, 6, 9, 7, 2, 4, 8, 1, 5]
Solution 11: [0, 3, 6, 9, 7, 4, 1, 8, 2, 5]
Solution 12: [0, 3, 8, 4, 7, 9, 2, 5, 1, 6]
Solution 13: [0, 3, 8, 6, 1, 9, 2, 5, 7, 4]
Solution 14: [0, 3, 8, 6, 9, 2, 5, 1, 4, 7]
Solution 15: [0, 3, 9, 6, 8, 2, 4, 1, 7, 5]
Solution 16: [0, 4, 6, 1, 9, 7, 3, 8, 2, 5]
Solution 17: [0, 4, 6, 9, 3, 1, 8, 2, 5, 7]
Solution 18: [0, 4, 7, 1, 6, 9, 2, 8, 5, 3]
Solution 19: [0, 4, 7, 9, 2, 6, 1, 3, 5, 8]
Solution 20: [0, 4, 7, 9, 6, 3, 1, 8, 5, 2]
Solution 21: [0, 4, 9, 5, 8, 1, 3, 6, 2, 7]
Solution 22: [0, 5, 3, 6, 9, 2, 8, 1, 4, 7]
Solution 23: [0, 5, 3, 6, 9, 7, 1, 4, 2, 8]
Solution 24: [0, 5, 3, 8, 6, 2, 9, 1, 4, 7]
Solution 25: [0, 5, 3, 9, 6, 8, 2, 4, 1, 7]
Solution 26: [0, 5, 7, 1, 6, 8, 2, 4, 9, 3]
Solution 27: [0, 5, 7, 2, 6, 8, 1, 4, 9, 3]
Solution 28: [0, 5, 7, 4, 1, 8, 2, 9, 6, 3]
Solution 29: [0, 5, 7, 9, 3, 8, 2, 4, 6, 1]
Solution 30: [0, 5, 8, 2, 7, 3, 1, 9, 4, 6]
Solution 31: [0, 5, 8, 2, 9, 6, 3, 1, 4, 7]
Solution 32: [0, 5, 8, 4, 9, 7, 3, 1, 6, 2]
Solution 33: [0, 5, 8, 6, 1, 3, 7, 9, 4, 2]
Solution 34: [0, 5, 9, 2, 6, 8, 3, 1, 4, 7]
Solution 35: [0, 6, 1, 5, 7, 9, 3, 8, 2, 4]
Solution 36: [0, 6, 3, 5, 8, 1, 9, 4, 2, 7]
Solution 37: [0, 6, 3, 9, 7, 1, 4, 2, 5, 8]
Solution 38: [0, 6, 4, 1, 7, 9, 2, 8, 5, 3]
Solution 39: [0, 6, 4, 7, 1, 8, 5, 2, 9, 3]
Solution 40: [0, 6, 8, 1, 5, 9, 2, 4, 7, 3]
Solution 41: [0, 6, 8, 1, 7, 4, 2, 9, 5, 3]
Solution 42: [0, 6, 8, 2, 7, 1, 3, 5, 9, 4]
Solution 43: [0, 6, 8, 5, 2, 9, 7, 4, 1, 3]
Solution 44: [0, 6, 9, 5, 1, 8, 4, 2, 7, 3]
Solution 45: [0, 7, 1, 6, 8, 2, 4, 9, 3, 5]
Solution 46: [0, 7, 1, 6, 9, 2, 4, 8, 3, 5]
Solution 47: [0, 7, 1, 8, 5, 2, 9, 3, 6, 4]
Solution 48: [0, 7, 3, 6, 8, 1, 4, 9, 5, 2]
Solution 49: [0, 7, 3, 6, 8, 1, 5, 9, 2, 4]
Solution 50: [0, 7, 3, 8, 6, 2, 9, 5, 1, 4]
Solution 51: [0, 7, 4, 1, 8, 2, 9, 6, 3, 5]
Solution 52: [0, 7, 5, 1, 6, 9, 3, 8, 4, 2]
Solution 53: [0, 7, 5, 1, 8, 6, 3, 9, 2, 4]
Solution 54: [0, 7, 5, 2, 8, 1, 3, 9, 6, 4]
Solution 55: [0, 7, 5, 2, 8, 1, 4, 9, 3, 6]
Solution 56: [0, 7, 5, 8, 2, 9, 3, 6, 4, 1]
Solution 57: [0, 7, 9, 6, 3, 1, 8, 5, 2, 4]
Solution 58: [0, 8, 4, 9, 7, 3, 1, 6, 2, 5]
Solution 59: [0, 8, 5, 1, 6, 9, 2, 4, 7, 3]
Solution 60: [0, 8, 5, 2, 9, 7, 4, 1, 3, 6]
Solution 61: [0, 8, 6, 1, 3, 7, 9, 4, 2, 5]
Solution 62: [0, 8, 6, 2, 7, 1, 4, 9, 5, 3]
Solution 63: [0, 9, 4, 6, 8, 2, 7, 1, 3, 5]
Solution 64: [0, 9, 6, 4, 7, 1, 8, 2, 5, 3]
Solution 65: [1, 3, 5, 7, 9, 0, 2, 4, 6, 8]
Solution 66: [1, 3, 7, 2, 8, 5, 9, 0, 6, 4]
Solution 67: [1, 3, 7, 9, 4, 8, 5, 0, 2, 6]
Solution 68: [1, 3, 8, 6, 4, 9, 0, 5, 7, 2]
Solution 69: [1, 3, 9, 6, 8, 5, 2, 0, 7, 4]
Solution 70: [1, 4, 6, 0, 9, 5, 8, 2, 7, 3]
Solution 71: [1, 4, 6, 3, 9, 2, 8, 5, 7, 0]
Solution 72: [1, 4, 6, 8, 3, 7, 0, 2, 5, 9]
Solution 73: [1, 4, 7, 0, 6, 9, 2, 5, 3, 8]
Solution 74: [1, 4, 7, 3, 6, 9, 2, 0, 5, 8]
Solution 75: [1, 4, 7, 5, 2, 9, 6, 0, 3, 8]
Solution 76: [1, 4, 7, 5, 8, 2, 0, 3, 6, 9]
Solution 77: [1, 4, 7, 5, 8, 2, 0, 6, 3, 9]
Solution 78: [1, 4, 7, 9, 2, 5, 8, 0, 3, 6]
Solution 79: [1, 4, 8, 0, 9, 3, 6, 2, 7, 5]
Solution 80: [1, 4, 8, 3, 9, 7, 5, 2, 0, 6]
Solution 81: [1, 4, 9, 7, 0, 3, 6, 2, 5, 8]
Solution 82: [1, 5, 2, 6, 9, 0, 8, 4, 7, 3]
Solution 83: [1, 5, 2, 6, 9, 7, 4, 0, 3, 8]
Solution 84: [1, 5, 2, 9, 7, 4, 8, 3, 0, 6]
Solution 85: [1, 5, 7, 2, 0, 8, 4, 9, 3, 6]
Solution 86: [1, 5, 7, 2, 6, 3, 9, 0, 8, 4]
Solution 87: [1, 5, 8, 0, 7, 4, 2, 9, 6, 3]
Solution 88: [1, 5, 8, 6, 9, 0, 2, 4, 7, 3]
Solution 89: [1, 5, 9, 2, 6, 8, 3, 0, 4, 7]
Solution 90: [1, 6, 4, 2, 8, 3, 9, 7, 5, 0]
Solution 91: [1, 6, 4, 7, 0, 3, 9, 2, 5, 8]
Solution 92: [1, 6, 8, 2, 7, 9, 3, 5, 0, 4]
Solution 93: [1, 6, 9, 3, 0, 7, 4, 2, 5, 8]
Solution 94: [1, 6, 9, 5, 0, 8, 4, 2, 7, 3]
Solution 95: [1, 6, 9, 5, 2, 0, 3, 7, 4, 8]
Solution 96: [1, 7, 2, 8, 6, 4, 9, 0, 5, 3]
Solution 97: [1, 7, 4, 8, 0, 5, 9, 2, 6, 3]
Solution 98: [1, 7, 5, 8, 2, 0, 3, 6, 4, 9]
Solution 99: [1, 7, 9, 2, 8, 5, 3, 0, 6, 4]
Solution 100: [1, 7, 9, 3, 0, 4, 8, 5, 2, 6]
Solution 101: [1, 8, 0, 7, 4, 2, 9, 6, 3, 5]
Solution 102: [1, 8, 2, 7, 9, 3, 5, 0, 4, 6]
Solution 103: [1, 8, 2, 9, 6, 3, 0, 4, 7, 5]
Solution 104: [1, 8, 4, 9, 0, 3, 5, 7, 2, 6]
Solution 105: [1, 8, 5, 0, 2, 9, 6, 3, 7, 4]
Solution 106: [1, 8, 5, 2, 9, 3, 0, 7, 4, 6]
Solution 107: [1, 8, 5, 7, 9, 0, 2, 4, 6, 3]
Solution 108: [1, 8, 6, 2, 9, 7, 4, 0, 3, 5]
Solution 109: [1, 8, 6, 9, 3, 0, 4, 7, 5, 2]
Solution 110: [1, 9, 2, 6, 8, 3, 0, 4, 7, 5]
Solution 111: [1, 9, 6, 3, 0, 2, 8, 5, 7, 4]
Solution 112: [1, 9, 7, 2, 4, 8, 0, 5, 3, 6]
Solution 113: [2, 0, 5, 8, 4, 9, 7, 3, 1, 6]
Solution 114: [2, 4, 1, 7, 9, 6, 3, 0, 8, 5]
Solution 115: [2, 4, 1, 8, 5, 9, 6, 3, 0, 7]
Solution 116: [2, 4, 6, 9, 3, 5, 0, 8, 1, 7]
Solution 117: [2, 4, 7, 0, 8, 3, 1, 6, 9, 5]
Solution 118: [2, 4, 7, 1, 8, 6, 0, 3, 5, 9]
Solution 119: [2, 4, 8, 0, 5, 9, 6, 1, 3, 7]
Solution 120: [2, 4, 8, 1, 9, 6, 3, 0, 7, 5]
Solution 121: [2, 4, 8, 3, 0, 9, 7, 5, 1, 6]
Solution 122: [2, 4, 8, 3, 5, 9, 1, 6, 0, 7]
Solution 123: [2, 4, 8, 3, 9, 6, 1, 5, 7, 0]
Solution 124: [2, 4, 9, 7, 3, 1, 6, 8, 5, 0]
Solution 125: [2, 5, 1, 9, 0, 8, 4, 7, 3, 6]
Solution 126: [2, 5, 3, 9, 0, 8, 4, 7, 1, 6]
Solution 127: [2, 5, 7, 0, 3, 6, 9, 1, 8, 4]
Solution 128: [2, 5, 7, 4, 0, 3, 9, 6, 8, 1]
Solution 129: [2, 5, 7, 9, 0, 8, 4, 1, 3, 6]
Solution 130: [2, 5, 7, 9, 3, 0, 4, 1, 8, 6]
Solution 131: [2, 5, 8, 0, 3, 6, 9, 1, 4, 7]
Solution 132: [2, 5, 8, 0, 3, 6, 9, 7, 1, 4]
Solution 133: [2, 5, 8, 0, 7, 3, 1, 6, 4, 9]
Solution 134: [2, 5, 8, 0, 9, 4, 6, 1, 3, 7]
Solution 135: [2, 5, 8, 1, 3, 6, 9, 7, 0, 4]
Solution 136: [2, 5, 8, 1, 3, 6, 9, 7, 4, 0]
Solution 137: [2, 5, 8, 1, 7, 0, 3, 6, 4, 9]
Solution 138: [2, 5, 8, 4, 7, 0, 3, 1, 6, 9]
Solution 139: [2, 5, 8, 6, 0, 3, 1, 4, 7, 9]
Solution 140: [2, 5, 8, 6, 1, 3, 7, 0, 4, 9]
Solution 141: [2, 5, 8, 6, 3, 0, 7, 1, 4, 9]
Solution 142: [2, 5, 9, 4, 1, 8, 6, 3, 0, 7]
Solution 143: [2, 5, 9, 4, 1, 8, 6, 3, 7, 0]
Solution 144: [2, 5, 9, 6, 1, 3, 7, 0, 4, 8]
Solution 145: [2, 6, 1, 3, 7, 9, 4, 8, 5, 0]
Solution 146: [2, 6, 1, 7, 5, 0, 9, 4, 8, 3]
Solution 147: [2, 6, 1, 9, 7, 5, 3, 8, 0, 4]
Solution 148: [2, 6, 8, 3, 0, 4, 9, 1, 5, 7]
Solution 149: [2, 6, 8, 3, 5, 0, 9, 1, 4, 7]
Solution 150: [2, 6, 9, 3, 8, 0, 4, 1, 7, 5]
Solution 151: [2, 7, 1, 6, 0, 9, 4, 8, 5, 3]
Solution 152: [2, 7, 3, 6, 8, 1, 4, 0, 5, 9]
Solution 153: [2, 7, 5, 0, 8, 1, 4, 6, 3, 9]
Solution 154: [2, 7, 5, 0, 9, 4, 6, 8, 3, 1]
Solution 155: [2, 7, 5, 1, 8, 4, 0, 3, 9, 6]
Solution 156: [2, 7, 5, 1, 9, 4, 0, 3, 8, 6]
Solution 157: [2, 7, 5, 8, 0, 9, 4, 6, 1, 3]
Solution 158: [2, 7, 5, 8, 1, 4, 0, 3, 6, 9]
Solution 159: [2, 7, 9, 0, 5, 1, 4, 6, 8, 3]
Solution 160: [2, 7, 9, 3, 8, 0, 4, 6, 1, 5]
Solution 161: [2, 8, 1, 7, 4, 6, 9, 0, 5, 3]
Solution 162: [2, 8, 1, 9, 4, 6, 0, 3, 5, 7]
Solution 163: [2, 8, 5, 7, 1, 3, 0, 6, 4, 9]
Solution 164: [2, 8, 5, 9, 1, 6, 0, 3, 7, 4]
Solution 165: [2, 9, 1, 8, 5, 3, 0, 7, 4, 6]
Solution 166: [2, 9, 3, 6, 8, 1, 5, 7, 0, 4]
Solution 167: [2, 9, 3, 8, 0, 4, 6, 1, 5, 7]
Solution 168: [2, 9, 5, 1, 8, 4, 0, 7, 3, 6]
Solution 169: [2, 9, 5, 1, 8, 6, 3, 7, 0, 4]
Solution 170: [2, 9, 6, 1, 3, 0, 7, 4, 8, 5]
Solution 171: [2, 9, 6, 3, 0, 4, 1, 8, 5, 7]
Solution 172: [2, 9, 6, 3, 1, 8, 5, 0, 4, 7]
Solution 173: [2, 9, 6, 4, 0, 8, 5, 7, 1, 3]
Solution 174: [2, 9, 6, 8, 0, 4, 1, 7, 5, 3]
Solution 175: [2, 9, 7, 0, 4, 1, 5, 8, 6, 3]
Solution 176: [2, 9, 7, 1, 3, 8, 6, 4, 0, 5]
Solution 177: [2, 9, 7, 4, 1, 3, 0, 6, 8, 5]
Solution 178: [3, 0, 4, 7, 9, 2, 6, 8, 1, 5]
Solution 179: [3, 0, 6, 8, 1, 7, 4, 2, 9, 5]
Solution 180: [3, 0, 6, 9, 5, 1, 8, 4, 2, 7]
Solution 181: [3, 0, 7, 5, 1, 9, 6, 8, 2, 4]
Solution 182: [3, 0, 7, 9, 1, 5, 2, 8, 6, 4]
Solution 183: [3, 1, 4, 7, 9, 2, 5, 8, 6, 0]
Solution 184: [3, 1, 4, 8, 0, 9, 7, 5, 2, 6]
Solution 185: [3, 1, 6, 4, 9, 0, 8, 5, 7, 2]
Solution 186: [3, 1, 6, 8, 5, 2, 0, 9, 7, 4]
Solution 187: [3, 1, 6, 9, 5, 0, 8, 4, 2, 7]
Solution 188: [3, 1, 7, 2, 8, 6, 4, 9, 0, 5]
Solution 189: [3, 1, 7, 4, 8, 0, 5, 9, 2, 6]
Solution 190: [3, 1, 7, 5, 8, 0, 4, 6, 9, 2]
Solution 191: [3, 1, 7, 9, 0, 2, 5, 8, 6, 4]
Solution 192: [3, 1, 7, 9, 6, 2, 5, 8, 0, 4]
Solution 193: [3, 1, 8, 4, 9, 7, 5, 2, 0, 6]
Solution 194: [3, 1, 8, 5, 2, 9, 7, 0, 4, 6]
Solution 195: [3, 1, 8, 5, 9, 6, 0, 2, 4, 7]
Solution 196: [3, 1, 9, 5, 8, 4, 7, 0, 2, 6]
Solution 197: [3, 5, 0, 8, 6, 2, 7, 1, 4, 9]
Solution 198: [3, 5, 0, 9, 4, 6, 8, 2, 7, 1]
Solution 199: [3, 5, 0, 9, 6, 4, 7, 1, 8, 2]
Solution 200: [3, 5, 2, 8, 1, 7, 4, 6, 9, 0]
Solution 201: [3, 5, 2, 9, 1, 6, 8, 0, 7, 4]
Solution 202: [3, 5, 2, 9, 6, 0, 7, 4, 1, 8]
Solution 203: [3, 5, 2, 9, 6, 4, 1, 8, 0, 7]
Solution 204: [3, 5, 7, 1, 4, 0, 8, 6, 9, 2]
Solution 205: [3, 5, 7, 9, 1, 6, 2, 0, 8, 4]
Solution 206: [3, 5, 7, 9, 1, 6, 8, 0, 2, 4]
Solution 207: [3, 5, 8, 2, 0, 7, 1, 4, 6, 9]
Solution 208: [3, 5, 8, 2, 9, 6, 1, 7, 4, 0]
Solution 209: [3, 5, 8, 2, 9, 7, 1, 4, 6, 0]
Solution 210: [3, 5, 8, 4, 9, 0, 2, 7, 1, 6]
Solution 211: [3, 5, 8, 4, 9, 0, 6, 1, 7, 2]
Solution 212: [3, 5, 9, 2, 0, 7, 4, 1, 8, 6]
Solution 213: [3, 5, 9, 2, 4, 7, 1, 8, 6, 0]
Solution 214: [3, 5, 9, 4, 1, 7, 2, 6, 8, 0]
Solution 215: [3, 5, 9, 4, 6, 0, 2, 7, 1, 8]
Solution 216: [3, 6, 0, 5, 1, 9, 7, 2, 4, 8]
Solution 217: [3, 6, 0, 5, 8, 1, 7, 4, 2, 9]
Solution 218: [3, 6, 2, 5, 1, 9, 0, 8, 4, 7]
Solution 219: [3, 6, 2, 9, 5, 0, 8, 4, 7, 1]
Solution 220: [3, 6, 2, 9, 5, 1, 8, 4, 0, 7]
Solution 221: [3, 6, 4, 2, 0, 9, 7, 5, 8, 1]
Solution 222: [3, 6, 4, 9, 1, 5, 7, 2, 0, 8]
Solution 223: [3, 6, 8, 1, 4, 7, 0, 2, 9, 5]
Solution 224: [3, 6, 8, 1, 5, 0, 2, 4, 7, 9]
Solution 225: [3, 6, 8, 5, 1, 4, 0, 7, 9, 2]
Solution 226: [3, 6, 8, 5, 1, 9, 0, 2, 4, 7]
Solution 227: [3, 6, 8, 5, 2, 0, 7, 4, 1, 9]
Solution 228: [3, 6, 9, 1, 4, 7, 0, 2, 5, 8]
Solution 229: [3, 6, 9, 2, 4, 7, 0, 8, 1, 5]
Solution 230: [3, 6, 9, 2, 4, 7, 0, 8, 5, 1]
Solution 231: [3, 6, 9, 2, 8, 1, 4, 7, 5, 0]
Solution 232: [3, 7, 0, 4, 8, 1, 5, 9, 2, 6]
Solution 233: [3, 7, 0, 4, 9, 1, 5, 2, 8, 6]
Solution 234: [3, 7, 0, 8, 1, 4, 6, 9, 2, 5]
Solution 235: [3, 7, 0, 8, 5, 1, 6, 9, 2, 4]
Solution 236: [3, 7, 2, 4, 6, 9, 0, 5, 1, 8]
Solution 237: [3, 7, 2, 4, 8, 0, 5, 9, 1, 6]
Solution 238: [3, 7, 2, 4, 8, 0, 5, 9, 6, 1]
Solution 239: [3, 7, 2, 4, 8, 1, 5, 9, 6, 0]
Solution 240: [3, 7, 2, 4, 9, 0, 8, 5, 1, 6]
Solution 241: [3, 7, 2, 8, 5, 9, 0, 6, 4, 1]
Solution 242: [3, 7, 2, 8, 6, 9, 0, 5, 1, 4]
Solution 243: [3, 7, 4, 1, 5, 9, 6, 0, 2, 8]
Solution 244: [3, 7, 4, 1, 9, 0, 6, 8, 2, 5]
Solution 245: [3, 7, 4, 2, 0, 9, 1, 5, 8, 6]
Solution 246: [3, 7, 4, 2, 0, 9, 6, 8, 5, 1]
Solution 247: [3, 7, 4, 2, 9, 5, 1, 8, 6, 0]
Solution 248: [3, 7, 4, 2, 9, 6, 1, 5, 8, 0]
Solution 249: [3, 7, 4, 8, 0, 9, 1, 5, 2, 6]
Solution 250: [3, 7, 4, 8, 0, 9, 6, 2, 5, 1]
Solution 251: [3, 7, 9, 2, 5, 1, 4, 0, 8, 6]
Solution 252: [3, 7, 9, 4, 1, 5, 0, 2, 6, 8]
Solution 253: [3, 8, 0, 4, 9, 1, 5, 7, 2, 6]
Solution 254: [3, 8, 2, 5, 1, 9, 0, 6, 4, 7]
Solution 255: [3, 8, 2, 7, 9, 0, 5, 1, 4, 6]
Solution 256: [3, 8, 2, 9, 1, 6, 4, 0, 7, 5]
Solution 257: [3, 8, 4, 1, 9, 0, 5, 7, 2, 6]
Solution 258: [3, 8, 4, 2, 0, 9, 6, 1, 5, 7]
Solution 259: [3, 8, 4, 7, 0, 2, 5, 1, 6, 9]
Solution 260: [3, 8, 4, 9, 0, 5, 7, 1, 6, 2]
Solution 261: [3, 8, 6, 2, 0, 5, 1, 4, 9, 7]
Solution 262: [3, 8, 6, 4, 1, 5, 0, 9, 7, 2]
Solution 263: [3, 9, 0, 8, 5, 2, 6, 1, 7, 4]
Solution 264: [3, 9, 2, 5, 8, 1, 7, 4, 6, 0]
Solution 265: [3, 9, 4, 1, 8, 6, 2, 7, 5, 0]
Solution 266: [3, 9, 4, 2, 8, 6, 1, 7, 5, 0]
Solution 267: [3, 9, 6, 1, 5, 2, 0, 7, 4, 8]
Solution 268: [3, 9, 6, 4, 1, 7, 0, 2, 8, 5]
Solution 269: [3, 9, 7, 4, 2, 0, 5, 1, 8, 6]
Solution 270: [3, 9, 7, 4, 2, 0, 6, 1, 5, 8]
Solution 271: [4, 0, 3, 8, 6, 1, 9, 2, 5, 7]
Solution 272: [4, 0, 5, 3, 9, 7, 2, 8, 6, 1]
Solution 273: [4, 0, 7, 3, 6, 8, 1, 5, 9, 2]
Solution 274: [4, 0, 7, 5, 1, 8, 6, 3, 9, 2]
Solution 275: [4, 0, 7, 5, 2, 8, 1, 3, 9, 6]
Solution 276: [4, 0, 7, 9, 2, 5, 8, 1, 3, 6]
Solution 277: [4, 0, 7, 9, 6, 3, 1, 8, 5, 2]
Solution 278: [4, 0, 8, 3, 5, 7, 9, 1, 6, 2]
Solution 279: [4, 0, 8, 5, 2, 6, 9, 7, 1, 3]
Solution 280: [4, 1, 3, 8, 2, 7, 9, 6, 0, 5]
Solution 281: [4, 1, 3, 9, 6, 8, 0, 2, 7, 5]
Solution 282: [4, 1, 3, 9, 6, 8, 5, 2, 0, 7]
Solution 283: [4, 1, 5, 0, 9, 6, 8, 2, 7, 3]
Solution 284: [4, 1, 5, 2, 9, 6, 8, 3, 0, 7]
Solution 285: [4, 1, 5, 9, 2, 6, 8, 3, 7, 0]
Solution 286: [4, 1, 7, 9, 2, 8, 5, 3, 0, 6]
Solution 287: [4, 1, 7, 9, 6, 2, 0, 8, 3, 5]
Solution 288: [4, 1, 7, 9, 6, 3, 0, 8, 5, 2]
Solution 289: [4, 1, 8, 0, 2, 7, 9, 6, 3, 5]
Solution 290: [4, 1, 9, 6, 3, 0, 2, 8, 5, 7]
Solution 291: [4, 2, 0, 8, 6, 1, 9, 7, 5, 3]
Solution 292: [4, 2, 0, 9, 6, 8, 3, 1, 7, 5]
Solution 293: [4, 2, 5, 8, 1, 3, 6, 9, 7, 0]
Solution 294: [4, 2, 5, 8, 1, 7, 0, 3, 6, 9]
Solution 295: [4, 2, 5, 8, 6, 0, 3, 1, 7, 9]
Solution 296: [4, 2, 5, 9, 6, 1, 3, 7, 0, 8]
Solution 297: [4, 2, 5, 9, 6, 3, 0, 7, 1, 8]
Solution 298: [4, 2, 7, 3, 6, 0, 9, 1, 5, 8]
Solution 299: [4, 2, 7, 5, 1, 8, 0, 3, 6, 9]
Solution 300: [4, 2, 7, 9, 1, 3, 0, 6, 8, 5]
Solution 301: [4, 2, 8, 3, 1, 7, 9, 6, 0, 5]
Solution 302: [4, 2, 8, 3, 9, 7, 5, 1, 6, 0]
Solution 303: [4, 2, 8, 5, 7, 1, 3, 0, 6, 9]
Solution 304: [4, 2, 8, 5, 9, 1, 6, 0, 3, 7]
Solution 305: [4, 2, 8, 6, 1, 3, 0, 9, 7, 5]
Solution 306: [4, 2, 8, 6, 9, 1, 5, 7, 0, 3]
Solution 307: [4, 2, 9, 3, 6, 8, 1, 5, 7, 0]
Solution 308: [4, 2, 9, 5, 1, 8, 6, 3, 7, 0]
Solution 309: [4, 2, 9, 5, 3, 8, 0, 7, 1, 6]
Solution 310: [4, 2, 9, 6, 1, 5, 8, 0, 7, 3]
Solution 311: [4, 2, 9, 6, 3, 0, 8, 1, 5, 7]
Solution 312: [4, 6, 0, 3, 5, 8, 2, 9, 7, 1]
Solution 313: [4, 6, 0, 5, 7, 1, 3, 8, 2, 9]
Solution 314: [4, 6, 0, 9, 5, 8, 2, 7, 3, 1]
Solution 315: [4, 6, 1, 5, 7, 0, 3, 8, 2, 9]
Solution 316: [4, 6, 1, 9, 7, 0, 3, 8, 2, 5]
Solution 317: [4, 6, 1, 9, 7, 3, 0, 2, 8, 5]
Solution 318: [4, 6, 3, 0, 2, 7, 9, 1, 8, 5]
Solution 319: [4, 6, 3, 0, 7, 1, 8, 5, 2, 9]
Solution 320: [4, 6, 3, 0, 7, 5, 2, 9, 1, 8]
Solution 321: [4, 6, 3, 9, 2, 5, 8, 1, 7, 0]
Solution 322: [4, 6, 8, 0, 2, 7, 9, 1, 3, 5]
Solution 323: [4, 6, 8, 2, 5, 1, 9, 7, 0, 3]
Solution 324: [4, 6, 8, 2, 7, 1, 3, 5, 0, 9]
Solution 325: [4, 6, 8, 2, 7, 3, 0, 9, 1, 5]
Solution 326: [4, 6, 8, 3, 1, 7, 9, 2, 0, 5]
Solution 327: [4, 6, 8, 5, 2, 0, 9, 7, 1, 3]
Solution 328: [4, 6, 9, 3, 1, 8, 2, 5, 7, 0]
Solution 329: [4, 6, 9, 5, 2, 0, 7, 3, 1, 8]
Solution 330: [4, 7, 0, 2, 5, 8, 6, 9, 3, 1]
Solution 331: [4, 7, 0, 3, 5, 8, 1, 9, 2, 6]
Solution 332: [4, 7, 0, 8, 6, 1, 9, 2, 5, 3]
Solution 333: [4, 7, 1, 3, 9, 0, 8, 5, 2, 6]
Solution 334: [4, 7, 1, 3, 9, 6, 8, 5, 2, 0]
Solution 335: [4, 7, 1, 6, 2, 0, 8, 3, 5, 9]
Solution 336: [4, 7, 1, 6, 2, 5, 8, 0, 9, 3]
Solution 337: [4, 7, 1, 6, 9, 2, 0, 8, 3, 5]
Solution 338: [4, 7, 1, 8, 5, 2, 0, 3, 6, 9]
Solution 339: [4, 7, 3, 0, 2, 8, 6, 9, 1, 5]
Solution 340: [4, 7, 3, 0, 6, 1, 9, 5, 8, 2]
Solution 341: [4, 7, 3, 6, 9, 2, 0, 5, 8, 1]
Solution 342: [4, 7, 3, 8, 6, 2, 0, 5, 1, 9]
Solution 343: [4, 7, 5, 0, 2, 6, 8, 3, 1, 9]
Solution 344: [4, 7, 5, 2, 9, 1, 6, 8, 3, 0]
Solution 345: [4, 7, 5, 8, 2, 0, 3, 6, 9, 1]
Solution 346: [4, 7, 9, 0, 2, 5, 8, 6, 1, 3]
Solution 347: [4, 8, 0, 2, 6, 1, 9, 7, 5, 3]
Solution 348: [4, 8, 0, 3, 1, 7, 9, 6, 2, 5]
Solution 349: [4, 8, 0, 9, 3, 6, 2, 7, 5, 1]
Solution 350: [4, 8, 0, 9, 6, 2, 7, 1, 3, 5]
Solution 351: [4, 8, 1, 3, 7, 0, 2, 5, 9, 6]
Solution 352: [4, 8, 1, 5, 7, 2, 0, 3, 6, 9]
Solution 353: [4, 8, 1, 9, 2, 5, 7, 0, 3, 6]
Solution 354: [4, 8, 1, 9, 6, 3, 0, 7, 5, 2]
Solution 355: [4, 8, 3, 5, 9, 1, 6, 0, 2, 7]
Solution 356: [4, 9, 0, 5, 3, 1, 7, 2, 8, 6]
Solution 357: [4, 9, 3, 0, 2, 7, 1, 6, 8, 5]
Solution 358: [4, 9, 3, 0, 2, 8, 6, 1, 7, 5]
Solution 359: [4, 9, 3, 8, 2, 7, 1, 6, 0, 5]
Solution 360: [4, 9, 5, 3, 1, 6, 8, 2, 0, 7]
Solution 361: [4, 9, 5, 3, 1, 7, 2, 8, 6, 0]
Solution 362: [4, 9, 7, 0, 2, 8, 6, 1, 3, 5]
Solution 363: [5, 0, 2, 9, 7, 1, 3, 8, 6, 4]
Solution 364: [5, 0, 4, 6, 8, 2, 7, 1, 3, 9]
Solution 365: [5, 0, 4, 6, 8, 3, 1, 7, 9, 2]
Solution 366: [5, 0, 6, 1, 7, 2, 8, 3, 9, 4]
Solution 367: [5, 0, 6, 9, 7, 1, 3, 8, 2, 4]
Solution 368: [5, 0, 6, 9, 7, 2, 8, 3, 1, 4]
Solution 369: [5, 0, 9, 4, 6, 8, 2, 7, 1, 3]
Solution 370: [5, 1, 6, 4, 0, 8, 3, 9, 7, 2]
Solution 371: [5, 1, 8, 0, 3, 6, 9, 2, 4, 7]
Solution 372: [5, 1, 8, 0, 7, 4, 2, 9, 6, 3]
Solution 373: [5, 1, 8, 4, 2, 7, 9, 6, 3, 0]
Solution 374: [5, 1, 8, 6, 2, 9, 7, 4, 0, 3]
Solution 375: [5, 1, 9, 0, 3, 7, 2, 8, 6, 4]
Solution 376: [5, 1, 9, 0, 6, 3, 7, 2, 4, 8]
Solution 377: [5, 1, 9, 6, 8, 2, 0, 3, 7, 4]
Solution 378: [5, 1, 9, 7, 3, 8, 0, 2, 4, 6]
Solution 379: [5, 2, 0, 9, 7, 4, 1, 3, 8, 6]
Solution 380: [5, 2, 4, 1, 7, 9, 6, 3, 0, 8]
Solution 381: [5, 2, 4, 7, 0, 8, 3, 1, 6, 9]
Solution 382: [5, 2, 4, 9, 7, 3, 1, 6, 8, 0]
Solution 383: [5, 2, 6, 1, 3, 7, 9, 4, 8, 0]
Solution 384: [5, 2, 6, 3, 0, 7, 9, 4, 1, 8]
Solution 385: [5, 2, 6, 9, 3, 8, 0, 4, 1, 7]
Solution 386: [5, 2, 6, 9, 7, 1, 3, 0, 8, 4]
Solution 387: [5, 2, 8, 1, 4, 7, 9, 6, 3, 0]
Solution 388: [5, 2, 8, 3, 0, 7, 9, 1, 6, 4]
Solution 389: [5, 2, 8, 3, 7, 4, 1, 9, 0, 6]
Solution 390: [5, 2, 8, 3, 7, 9, 1, 6, 4, 0]
Solution 391: [5, 2, 8, 6, 0, 3, 1, 4, 7, 9]
Solution 392: [5, 2, 8, 6, 0, 9, 1, 4, 7, 3]
Solution 393: [5, 2, 9, 1, 3, 8, 0, 7, 4, 6]
Solution 394: [5, 2, 9, 6, 4, 1, 8, 0, 7, 3]
Solution 395: [5, 2, 9, 7, 4, 1, 3, 0, 6, 8]
Solution 396: [5, 3, 0, 4, 7, 9, 2, 6, 8, 1]
Solution 397: [5, 3, 0, 6, 8, 1, 7, 4, 2, 9]
Solution 398: [5, 3, 1, 4, 7, 9, 0, 2, 8, 6]
Solution 399: [5, 3, 1, 6, 8, 2, 0, 7, 9, 4]
Solution 400: [5, 3, 1, 7, 2, 6, 9, 0, 8, 4]
Solution 401: [5, 3, 1, 7, 2, 8, 6, 4, 9, 0]
Solution 402: [5, 3, 1, 7, 4, 8, 0, 2, 9, 6]
Solution 403: [5, 3, 1, 9, 7, 2, 0, 8, 6, 4]
Solution 404: [5, 3, 6, 0, 7, 4, 1, 8, 2, 9]
Solution 405: [5, 3, 6, 9, 2, 4, 7, 0, 8, 1]
Solution 406: [5, 3, 6, 9, 2, 8, 1, 4, 7, 0]
Solution 407: [5, 3, 6, 9, 7, 2, 0, 8, 1, 4]
Solution 408: [5, 3, 8, 0, 2, 6, 9, 7, 1, 4]
Solution 409: [5, 3, 8, 0, 2, 9, 6, 1, 7, 4]
Solution 410: [5, 3, 8, 4, 2, 9, 6, 1, 7, 0]
Solution 411: [5, 3, 9, 0, 4, 1, 7, 2, 6, 8]
Solution 412: [5, 3, 9, 4, 2, 8, 6, 1, 7, 0]
Solution 413: [5, 3, 9, 6, 4, 1, 7, 0, 2, 8]
Solution 414: [5, 7, 0, 3, 6, 9, 1, 8, 4, 2]
Solution 415: [5, 7, 0, 3, 8, 4, 1, 9, 2, 6]
Solution 416: [5, 7, 0, 4, 6, 1, 9, 2, 8, 3]
Solution 417: [5, 7, 0, 4, 8, 1, 3, 6, 2, 9]
Solution 418: [5, 7, 0, 6, 3, 1, 8, 4, 2, 9]
Solution 419: [5, 7, 1, 3, 0, 8, 4, 2, 9, 6]
Solution 420: [5, 7, 1, 3, 8, 6, 9, 0, 2, 4]
Solution 421: [5, 7, 1, 4, 0, 8, 3, 9, 6, 2]
Solution 422: [5, 7, 1, 4, 2, 8, 6, 9, 3, 0]
Solution 423: [5, 7, 1, 6, 0, 2, 4, 8, 3, 9]
Solution 424: [5, 7, 1, 6, 8, 2, 0, 3, 9, 4]
Solution 425: [5, 7, 2, 0, 8, 6, 9, 3, 1, 4]
Solution 426: [5, 7, 2, 4, 8, 1, 9, 6, 3, 0]
Solution 427: [5, 7, 2, 6, 3, 9, 0, 8, 4, 1]
Solution 428: [5, 7, 4, 0, 3, 6, 9, 2, 8, 1]
Solution 429: [5, 7, 4, 0, 3, 8, 6, 2, 9, 1]
Solution 430: [5, 7, 4, 1, 3, 9, 6, 8, 2, 0]
Solution 431: [5, 7, 4, 1, 8, 2, 9, 6, 3, 0]
Solution 432: [5, 7, 4, 1, 8, 6, 3, 0, 2, 9]
Solution 433: [5, 7, 9, 0, 3, 1, 6, 8, 2, 4]
Solution 434: [5, 7, 9, 1, 3, 8, 0, 2, 4, 6]
Solution 435: [5, 8, 0, 3, 6, 9, 7, 1, 4, 2]
Solution 436: [5, 8, 1, 9, 7, 2, 0, 3, 6, 4]
Solution 437: [5, 8, 2, 0, 3, 6, 9, 1, 4, 7]
Solution 438: [5, 8, 2, 0, 3, 7, 9, 1, 6, 4]
Solution 439: [5, 8, 2, 0, 7, 1, 4, 6, 9, 3]
Solution 440: [5, 8, 4, 0, 7, 3, 1, 6, 2, 9]
Solution 441: [5, 8, 4, 7, 0, 3, 1, 6, 9, 2]
Solution 442: [5, 8, 4, 9, 0, 3, 1, 7, 2, 6]
Solution 443: [5, 8, 6, 0, 3, 1, 4, 7, 9, 2]
Solution 444: [5, 8, 6, 0, 3, 1, 9, 7, 2, 4]
Solution 445: [5, 8, 6, 1, 7, 2, 0, 3, 9, 4]
Solution 446: [5, 9, 1, 4, 7, 3, 0, 2, 8, 6]
Solution 447: [5, 9, 1, 6, 4, 2, 0, 8, 3, 7]
Solution 448: [5, 9, 2, 0, 3, 6, 8, 1, 4, 7]
Solution 449: [5, 9, 2, 0, 7, 4, 1, 8, 6, 3]
Solution 450: [5, 9, 2, 4, 7, 1, 8, 6, 0, 3]
Solution 451: [5, 9, 2, 4, 8, 1, 3, 6, 0, 7]
Solution 452: [5, 9, 2, 6, 3, 1, 8, 4, 0, 7]
Solution 453: [5, 9, 4, 6, 0, 2, 7, 1, 3, 8]
Solution 454: [5, 9, 6, 1, 3, 8, 0, 7, 4, 2]
Solution 455: [6, 0, 2, 5, 7, 9, 3, 8, 4, 1]
Solution 456: [6, 0, 2, 5, 7, 9, 4, 8, 1, 3]
Solution 457: [6, 0, 3, 5, 8, 2, 9, 7, 1, 4]
Solution 458: [6, 0, 3, 8, 4, 7, 9, 2, 5, 1]
Solution 459: [6, 0, 5, 7, 1, 3, 8, 2, 4, 9]
Solution 460: [6, 0, 5, 8, 1, 3, 7, 2, 4, 9]
Solution 461: [6, 0, 7, 4, 1, 8, 2, 5, 3, 9]
Solution 462: [6, 0, 9, 1, 4, 7, 3, 8, 2, 5]
Solution 463: [6, 1, 3, 5, 8, 4, 9, 0, 2, 7]
Solution 464: [6, 1, 3, 7, 9, 4, 8, 5, 0, 2]
Solution 465: [6, 1, 5, 0, 9, 4, 2, 8, 3, 7]
Solution 466: [6, 1, 5, 2, 9, 7, 4, 8, 3, 0]
Solution 467: [6, 1, 5, 7, 9, 0, 3, 8, 4, 2]
Solution 468: [6, 1, 5, 8, 0, 9, 4, 2, 7, 3]
Solution 469: [6, 1, 7, 0, 8, 3, 5, 9, 2, 4]
Solution 470: [6, 1, 7, 2, 0, 9, 4, 8, 5, 3]
Solution 471: [6, 1, 7, 4, 8, 0, 9, 3, 5, 2]
Solution 472: [6, 1, 9, 5, 0, 8, 4, 2, 7, 3]
Solution 473: [6, 2, 0, 5, 8, 4, 9, 7, 3, 1]
Solution 474: [6, 2, 0, 7, 4, 8, 5, 9, 1, 3]
Solution 475: [6, 2, 5, 1, 9, 0, 3, 7, 4, 8]
Solution 476: [6, 2, 5, 1, 9, 0, 8, 4, 7, 3]
Solution 477: [6, 2, 5, 7, 0, 3, 8, 4, 1, 9]
Solution 478: [6, 2, 5, 7, 0, 4, 8, 1, 3, 9]
Solution 479: [6, 2, 5, 7, 9, 0, 3, 1, 4, 8]
Solution 480: [6, 2, 5, 7, 9, 0, 8, 4, 1, 3]
Solution 481: [6, 2, 5, 8, 0, 9, 3, 1, 7, 4]
Solution 482: [6, 2, 5, 8, 4, 0, 3, 9, 7, 1]
Solution 483: [6, 2, 7, 1, 3, 0, 9, 4, 8, 5]
Solution 484: [6, 2, 7, 1, 4, 0, 9, 3, 5, 8]
Solution 485: [6, 2, 7, 5, 0, 9, 1, 4, 8, 3]
Solution 486: [6, 2, 7, 5, 1, 8, 4, 0, 3, 9]
Solution 487: [6, 2, 7, 5, 1, 9, 4, 0, 3, 8]
Solution 488: [6, 2, 7, 5, 1, 9, 4, 0, 8, 3]
Solution 489: [6, 2, 7, 5, 3, 0, 9, 4, 8, 1]
Solution 490: [6, 2, 9, 1, 4, 8, 3, 0, 7, 5]
Solution 491: [6, 2, 9, 1, 8, 5, 3, 0, 7, 4]
Solution 492: [6, 2, 9, 5, 0, 8, 4, 7, 1, 3]
Solution 493: [6, 2, 9, 5, 1, 8, 4, 0, 7, 3]
Solution 494: [6, 3, 0, 7, 1, 8, 5, 2, 4, 9]
Solution 495: [6, 3, 0, 7, 5, 2, 9, 1, 4, 8]
Solution 496: [6, 3, 0, 7, 5, 2, 9, 1, 8, 4]
Solution 497: [6, 3, 0, 8, 5, 2, 9, 7, 4, 1]
Solution 498: [6, 3, 1, 4, 7, 9, 2, 5, 8, 0]
Solution 499: [6, 3, 1, 4, 8, 0, 9, 7, 5, 2]
Solution 500: [6, 3, 1, 4, 8, 5, 9, 2, 0, 7]
Solution 501: [6, 3, 1, 8, 4, 9, 7, 5, 2, 0]
Solution 502: [6, 3, 1, 8, 5, 2, 9, 7, 0, 4]
Solution 503: [6, 3, 5, 0, 8, 4, 2, 7, 9, 1]
Solution 504: [6, 3, 5, 7, 9, 0, 2, 4, 1, 8]
Solution 505: [6, 3, 7, 0, 4, 8, 1, 5, 9, 2]
Solution 506: [6, 3, 7, 0, 4, 9, 1, 5, 2, 8]
Solution 507: [6, 3, 7, 4, 8, 0, 9, 1, 5, 2]
Solution 508: [6, 3, 9, 4, 1, 8, 2, 5, 7, 0]
Solution 509: [6, 3, 9, 4, 8, 0, 2, 7, 5, 1]
Solution 510: [6, 4, 0, 5, 3, 9, 7, 2, 8, 1]
Solution 511: [6, 4, 0, 5, 8, 2, 7, 3, 1, 9]
Solution 512: [6, 4, 0, 7, 5, 2, 8, 1, 3, 9]
Solution 513: [6, 4, 0, 7, 9, 2, 5, 8, 1, 3]
Solution 514: [6, 4, 1, 5, 0, 9, 3, 8, 2, 7]
Solution 515: [6, 4, 1, 5, 0, 9, 7, 2, 8, 3]
Solution 516: [6, 4, 1, 7, 0, 2, 8, 5, 3, 9]
Solution 517: [6, 4, 1, 7, 0, 3, 8, 2, 5, 9]
Solution 518: [6, 4, 1, 7, 9, 2, 8, 5, 3, 0]
Solution 519: [6, 4, 2, 0, 8, 3, 1, 9, 7, 5]
Solution 520: [6, 4, 2, 0, 8, 3, 7, 9, 1, 5]
Solution 521: [6, 4, 2, 8, 5, 9, 1, 3, 0, 7]
Solution 522: [6, 4, 7, 0, 3, 5, 8, 1, 9, 2]
Solution 523: [6, 4, 7, 0, 3, 9, 2, 5, 8, 1]
Solution 524: [6, 4, 7, 0, 8, 3, 1, 9, 2, 5]
Solution 525: [6, 4, 7, 1, 8, 2, 5, 3, 0, 9]
Solution 526: [6, 4, 9, 0, 3, 5, 2, 8, 1, 7]
Solution 527: [6, 4, 9, 0, 5, 3, 1, 7, 2, 8]
Solution 528: [6, 4, 9, 1, 3, 7, 2, 8, 5, 0]
Solution 529: [6, 8, 0, 4, 1, 5, 2, 9, 7, 3]
Solution 530: [6, 8, 1, 4, 0, 3, 9, 7, 5, 2]
Solution 531: [6, 8, 1, 4, 7, 0, 2, 9, 5, 3]
Solution 532: [6, 8, 1, 5, 0, 2, 4, 7, 9, 3]
Solution 533: [6, 8, 2, 0, 3, 7, 4, 1, 9, 5]
Solution 534: [6, 8, 2, 0, 9, 7, 4, 1, 3, 5]
Solution 535: [6, 8, 2, 4, 1, 9, 5, 3, 0, 7]
Solution 536: [6, 8, 2, 5, 1, 9, 4, 0, 7, 3]
Solution 537: [6, 8, 2, 7, 1, 3, 5, 0, 9, 4]
Solution 538: [6, 8, 3, 0, 4, 9, 1, 5, 7, 2]
Solution 539: [6, 8, 3, 1, 4, 7, 9, 0, 2, 5]
Solution 540: [6, 8, 3, 5, 0, 9, 1, 4, 2, 7]
Solution 541: [6, 8, 5, 1, 9, 0, 2, 4, 7, 3]
Solution 542: [6, 8, 5, 2, 0, 7, 4, 1, 3, 9]
Solution 543: [6, 9, 2, 0, 8, 4, 7, 1, 3, 5]
Solution 544: [6, 9, 2, 4, 8, 0, 3, 1, 7, 5]
Solution 545: [6, 9, 3, 0, 4, 8, 1, 5, 7, 2]
Solution 546: [6, 9, 3, 1, 8, 2, 5, 7, 0, 4]
Solution 547: [6, 9, 5, 2, 0, 7, 3, 1, 8, 4]
Solution 548: [7, 0, 2, 5, 8, 6, 9, 3, 1, 4]
Solution 549: [7, 0, 2, 8, 6, 1, 3, 5, 9, 4]
Solution 550: [7, 0, 2, 9, 5, 8, 4, 1, 3, 6]
Solution 551: [7, 0, 3, 1, 9, 5, 8, 2, 4, 6]
Solution 552: [7, 0, 3, 5, 9, 1, 4, 2, 8, 6]
Solution 553: [7, 0, 3, 6, 8, 1, 4, 9, 5, 2]
Solution 554: [7, 0, 3, 6, 9, 5, 8, 1, 4, 2]
Solution 555: [7, 0, 3, 8, 6, 9, 2, 5, 1, 4]
Solution 556: [7, 0, 4, 8, 1, 3, 6, 2, 9, 5]
Solution 557: [7, 0, 4, 8, 1, 5, 9, 2, 6, 3]
Solution 558: [7, 0, 6, 1, 9, 5, 3, 8, 4, 2]
Solution 559: [7, 0, 6, 3, 1, 8, 4, 2, 9, 5]
Solution 560: [7, 0, 8, 1, 4, 6, 9, 2, 5, 3]
Solution 561: [7, 1, 4, 0, 8, 3, 9, 6, 2, 5]
Solution 562: [7, 1, 4, 2, 8, 6, 9, 3, 5, 0]
Solution 563: [7, 1, 8, 0, 5, 3, 9, 6, 4, 2]
Solution 564: [7, 1, 8, 2, 5, 3, 0, 9, 4, 6]
Solution 565: [7, 2, 0, 6, 1, 9, 5, 3, 8, 4]
Solution 566: [7, 2, 0, 9, 4, 8, 5, 3, 1, 6]
Solution 567: [7, 2, 4, 1, 8, 5, 9, 6, 3, 0]
Solution 568: [7, 2, 4, 1, 9, 0, 5, 3, 8, 6]
Solution 569: [7, 2, 4, 8, 0, 5, 9, 6, 1, 3]
Solution 570: [7, 2, 4, 8, 1, 5, 9, 6, 0, 3]
Solution 571: [7, 2, 4, 9, 0, 5, 3, 1, 6, 8]
Solution 572: [7, 2, 4, 9, 1, 8, 5, 3, 6, 0]
Solution 573: [7, 2, 6, 3, 1, 8, 5, 9, 4, 0]
Solution 574: [7, 2, 8, 3, 9, 0, 5, 1, 4, 6]
Solution 575: [7, 3, 0, 6, 1, 9, 5, 8, 2, 4]
Solution 576: [7, 3, 1, 6, 4, 9, 0, 8, 5, 2]
Solution 577: [7, 3, 1, 6, 9, 5, 0, 8, 4, 2]
Solution 578: [7, 3, 8, 0, 2, 4, 6, 1, 9, 5]
Solution 579: [7, 3, 8, 2, 4, 9, 0, 5, 1, 6]
Solution 580: [7, 3, 8, 6, 2, 0, 5, 1, 4, 9]
Solution 581: [7, 4, 0, 3, 8, 6, 2, 9, 5, 1]
Solution 582: [7, 4, 0, 5, 8, 1, 3, 6, 2, 9]
Solution 583: [7, 4, 0, 5, 8, 1, 3, 6, 9, 2]
Solution 584: [7, 4, 1, 3, 6, 9, 2, 8, 5, 0]
Solution 585: [7, 4, 1, 3, 8, 6, 2, 9, 5, 0]
Solution 586: [7, 4, 1, 3, 9, 6, 8, 5, 2, 0]
Solution 587: [7, 4, 1, 5, 2, 9, 6, 8, 3, 0]
Solution 588: [7, 4, 1, 8, 2, 9, 6, 3, 5, 0]
Solution 589: [7, 4, 1, 8, 6, 3, 0, 2, 5, 9]
Solution 590: [7, 4, 1, 8, 6, 3, 0, 2, 9, 5]
Solution 591: [7, 4, 1, 9, 0, 5, 3, 8, 6, 2]
Solution 592: [7, 4, 1, 9, 2, 6, 8, 3, 5, 0]
Solution 593: [7, 4, 1, 9, 6, 3, 0, 2, 8, 5]
Solution 594: [7, 4, 1, 9, 6, 3, 0, 8, 5, 2]
Solution 595: [7, 4, 2, 0, 6, 9, 5, 8, 1, 3]
Solution 596: [7, 4, 2, 0, 9, 1, 5, 8, 6, 3]
Solution 597: [7, 4, 2, 5, 9, 6, 0, 3, 1, 8]
Solution 598: [7, 4, 2, 9, 6, 3, 0, 8, 1, 5]
Solution 599: [7, 4, 6, 0, 9, 1, 5, 2, 8, 3]
Solution 600: [7, 4, 8, 0, 9, 1, 5, 2, 6, 3]
Solution 601: [7, 5, 0, 2, 6, 8, 3, 1, 4, 9]
Solution 602: [7, 5, 1, 6, 0, 3, 8, 4, 2, 9]
Solution 603: [7, 5, 1, 6, 4, 0, 8, 3, 9, 2]
Solution 604: [7, 5, 1, 6, 9, 0, 2, 4, 8, 3]
Solution 605: [7, 5, 1, 8, 0, 3, 6, 9, 2, 4]
Solution 606: [7, 5, 1, 9, 4, 0, 3, 8, 6, 2]
Solution 607: [7, 5, 2, 8, 1, 3, 9, 6, 4, 0]
Solution 608: [7, 5, 2, 9, 1, 6, 8, 3, 0, 4]
Solution 609: [7, 5, 3, 0, 6, 4, 9, 1, 8, 2]
Solution 610: [7, 5, 8, 1, 4, 0, 3, 6, 9, 2]
Solution 611: [7, 5, 8, 2, 0, 3, 6, 9, 1, 4]
Solution 612: [7, 9, 4, 1, 5, 0, 2, 6, 8, 3]
Solution 613: [8, 0, 2, 7, 5, 1, 9, 4, 6, 3]
Solution 614: [8, 0, 3, 6, 9, 7, 1, 4, 2, 5]
Solution 615: [8, 0, 7, 3, 1, 6, 9, 5, 2, 4]
Solution 616: [8, 1, 3, 0, 6, 9, 5, 2, 4, 7]
Solution 617: [8, 1, 3, 7, 0, 2, 5, 9, 6, 4]
Solution 618: [8, 1, 4, 2, 0, 9, 7, 5, 3, 6]
Solution 619: [8, 1, 4, 7, 0, 6, 9, 2, 5, 3]
Solution 620: [8, 1, 4, 9, 7, 0, 3, 6, 2, 5]
Solution 621: [8, 1, 5, 0, 9, 6, 4, 2, 7, 3]
Solution 622: [8, 1, 7, 0, 3, 6, 9, 5, 2, 4]
Solution 623: [8, 1, 7, 2, 0, 6, 4, 9, 5, 3]
Solution 624: [8, 1, 9, 2, 5, 7, 0, 3, 6, 4]
Solution 625: [8, 2, 0, 6, 9, 5, 1, 4, 7, 3]
Solution 626: [8, 2, 0, 7, 1, 4, 6, 9, 3, 5]
Solution 627: [8, 2, 4, 1, 7, 9, 6, 3, 5, 0]
Solution 628: [8, 2, 5, 1, 9, 4, 0, 7, 3, 6]
Solution 629: [8, 2, 7, 1, 3, 5, 0, 9, 4, 6]
Solution 630: [8, 3, 0, 4, 7, 9, 6, 2, 5, 1]
Solution 631: [8, 3, 0, 4, 9, 1, 5, 7, 2, 6]
Solution 632: [8, 3, 0, 6, 9, 2, 5, 7, 4, 1]
Solution 633: [8, 3, 1, 7, 2, 0, 6, 4, 9, 5]
Solution 634: [8, 3, 5, 2, 9, 6, 0, 7, 4, 1]
Solution 635: [8, 3, 5, 7, 1, 6, 0, 2, 4, 9]
Solution 636: [8, 4, 0, 7, 3, 1, 6, 9, 5, 2]
Solution 637: [8, 4, 1, 3, 0, 9, 7, 5, 2, 6]
Solution 638: [8, 4, 1, 9, 2, 5, 7, 0, 3, 6]
Solution 639: [8, 4, 2, 7, 3, 6, 0, 9, 1, 5]
Solution 640: [8, 4, 2, 7, 9, 1, 5, 0, 6, 3]
Solution 641: [8, 4, 7, 0, 2, 5, 1, 6, 9, 3]
Solution 642: [8, 4, 7, 3, 0, 2, 5, 9, 6, 1]
Solution 643: [8, 4, 7, 3, 0, 9, 1, 5, 2, 6]
Solution 644: [8, 5, 0, 2, 9, 6, 3, 7, 4, 1]
Solution 645: [8, 5, 1, 6, 0, 2, 4, 7, 9, 3]
Solution 646: [8, 5, 1, 9, 0, 6, 3, 7, 2, 4]
Solution 647: [8, 5, 2, 0, 7, 4, 1, 9, 6, 3]
Solution 648: [8, 5, 2, 4, 1, 7, 9, 3, 6, 0]
Solution 649: [8, 5, 2, 4, 1, 7, 9, 6, 3, 0]
Solution 650: [8, 5, 2, 4, 7, 0, 3, 9, 6, 1]
Solution 651: [8, 5, 2, 6, 3, 0, 7, 9, 4, 1]
Solution 652: [8, 5, 2, 9, 3, 0, 7, 4, 6, 1]
Solution 653: [8, 5, 3, 1, 6, 2, 9, 7, 4, 0]
Solution 654: [8, 5, 3, 6, 0, 7, 1, 4, 2, 9]
Solution 655: [8, 5, 3, 9, 0, 4, 1, 7, 2, 6]
Solution 656: [8, 6, 0, 3, 1, 4, 7, 9, 2, 5]
Solution 657: [8, 6, 1, 3, 5, 0, 9, 4, 2, 7]
Solution 658: [8, 6, 2, 0, 5, 1, 4, 9, 7, 3]
Solution 659: [8, 6, 2, 7, 1, 4, 0, 9, 3, 5]
Solution 660: [8, 6, 4, 2, 0, 9, 7, 5, 3, 1]
Solution 661: [9, 0, 3, 5, 2, 8, 1, 7, 4, 6]
Solution 662: [9, 0, 5, 3, 1, 7, 2, 8, 6, 4]
Solution 663: [9, 1, 3, 7, 2, 8, 5, 0, 4, 6]
Solution 664: [9, 1, 3, 8, 6, 2, 0, 5, 7, 4]
Solution 665: [9, 1, 4, 7, 0, 2, 5, 8, 6, 3]
Solution 666: [9, 1, 4, 8, 3, 0, 7, 5, 2, 6]
Solution 667: [9, 1, 5, 0, 2, 6, 8, 3, 7, 4]
Solution 668: [9, 2, 0, 3, 6, 8, 1, 4, 7, 5]
Solution 669: [9, 2, 4, 1, 7, 0, 6, 3, 5, 8]
Solution 670: [9, 2, 4, 7, 1, 8, 5, 0, 6, 3]
Solution 671: [9, 2, 4, 7, 1, 8, 6, 0, 3, 5]
Solution 672: [9, 2, 4, 8, 1, 3, 6, 0, 7, 5]
Solution 673: [9, 2, 4, 8, 3, 0, 6, 1, 5, 7]
Solution 674: [9, 2, 5, 8, 1, 7, 0, 3, 6, 4]
Solution 675: [9, 2, 6, 1, 3, 7, 0, 4, 8, 5]
Solution 676: [9, 2, 6, 3, 1, 8, 4, 0, 7, 5]
Solution 677: [9, 2, 6, 3, 1, 8, 5, 0, 4, 7]
Solution 678: [9, 2, 8, 1, 4, 7, 0, 6, 3, 5]
Solution 679: [9, 2, 8, 3, 0, 7, 5, 1, 6, 4]
Solution 680: [9, 2, 8, 3, 1, 7, 5, 0, 6, 4]
Solution 681: [9, 3, 0, 4, 8, 1, 5, 7, 2, 6]
Solution 682: [9, 3, 1, 4, 7, 0, 2, 5, 8, 6]
Solution 683: [9, 3, 1, 7, 2, 8, 6, 4, 0, 5]
Solution 684: [9, 3, 1, 8, 2, 5, 7, 0, 4, 6]
Solution 685: [9, 3, 1, 8, 4, 0, 7, 5, 2, 6]
Solution 686: [9, 3, 5, 2, 8, 1, 4, 7, 0, 6]
Solution 687: [9, 3, 5, 8, 2, 0, 7, 1, 4, 6]
Solution 688: [9, 3, 6, 0, 2, 8, 5, 7, 4, 1]
Solution 689: [9, 3, 6, 4, 1, 8, 0, 5, 7, 2]
Solution 690: [9, 3, 8, 4, 2, 0, 6, 1, 7, 5]
Solution 691: [9, 4, 0, 7, 3, 1, 6, 8, 5, 2]
Solution 692: [9, 4, 1, 3, 8, 6, 2, 0, 5, 7]
Solution 693: [9, 4, 1, 5, 0, 2, 6, 8, 3, 7]
Solution 694: [9, 4, 1, 7, 0, 3, 6, 8, 5, 2]
Solution 695: [9, 4, 1, 7, 2, 6, 8, 0, 5, 3]
Solution 696: [9, 4, 2, 0, 6, 1, 7, 5, 3, 8]
Solution 697: [9, 4, 2, 5, 8, 1, 7, 0, 3, 6]
Solution 698: [9, 4, 2, 7, 3, 1, 8, 5, 0, 6]
Solution 699: [9, 4, 2, 8, 3, 1, 7, 5, 0, 6]
Solution 700: [9, 4, 6, 0, 3, 1, 7, 5, 8, 2]
Solution 701: [9, 4, 6, 1, 3, 7, 0, 8, 5, 2]
Solution 702: [9, 4, 6, 3, 0, 2, 8, 5, 7, 1]
Solution 703: [9, 4, 6, 3, 0, 7, 1, 8, 5, 2]
Solution 704: [9, 5, 0, 4, 1, 8, 6, 3, 7, 2]
Solution 705: [9, 5, 2, 0, 3, 6, 8, 1, 4, 7]
Solution 706: [9, 5, 2, 0, 7, 3, 8, 6, 4, 1]
Solution 707: [9, 5, 2, 8, 3, 0, 7, 1, 4, 6]
Solution 708: [9, 5, 3, 0, 6, 8, 1, 7, 4, 2]
Solution 709: [9, 5, 3, 8, 0, 2, 6, 1, 7, 4]
Solution 710: [9, 6, 0, 3, 1, 7, 5, 8, 2, 4]
Solution 711: [9, 6, 1, 3, 0, 7, 4, 8, 5, 2]
Solution 712: [9, 6, 1, 3, 8, 0, 7, 4, 2, 5]
Solution 713: [9, 6, 1, 5, 2, 0, 7, 4, 8, 3]
Solution 714: [9, 6, 3, 0, 2, 5, 8, 1, 7, 4]
Solution 715: [9, 6, 3, 0, 2, 7, 5, 1, 8, 4]
Solution 716: [9, 6, 3, 0, 2, 8, 5, 7, 4, 1]
Solution 717: [9, 6, 3, 0, 4, 1, 8, 5, 7, 2]
Solution 718: [9, 6, 3, 0, 7, 1, 8, 5, 2, 4]
Solution 719: [9, 6, 3, 0, 8, 1, 5, 7, 2, 4]
Solution 720: [9, 6, 4, 1, 7, 0, 2, 8, 5, 3]
Solution 721: [9, 7, 1, 3, 0, 6, 8, 5, 2, 4]
Solution 722: [9, 7, 4, 1, 3, 0, 6, 8, 2, 5]
Solution 723: [9, 7, 4, 1, 3, 0, 6, 8, 5, 2]
Solution 724: [9, 7, 4, 2, 0, 5, 1, 8, 6, 3]
